{"loss": [[40000.0, 31604.94140625, 24197.53125, 17777.77734375, 12345.677734375, 7901.23388671875, 4444.4443359375, 1975.3094482421875, 493.8273010253906, 1.8417267710901797e-11], [31604.94140625, 24197.53125, 17777.77734375, 12345.677734375, 7901.23388671875, 4444.4443359375, 1975.308837890625, 493.82763671875, 1.1141310096718371e-11, 493.8273010253906], [24197.53125, 17777.77734375, 12345.677734375, 7901.23388671875, 4444.4443359375, 1975.308837890625, 493.8273010253906, 1.2028067430946976e-10, 493.82696533203125, 1975.308837890625], [17777.77734375, 12345.677734375, 7901.23388671875, 4444.4443359375, 1975.308837890625, 493.8273010253906, 1.1141310096718371e-11, 493.82659912109375, 1975.30810546875, 4444.4453125], [12345.677734375, 7901.23388671875, 4444.4443359375, 1975.308837890625, 493.8273010253906, 1.1141310096718371e-11, 493.82696533203125, 1975.3074951171875, 4444.4443359375, 7901.2353515625], [7901.23388671875, 4444.4443359375, 1975.308837890625, 493.8273010253906, 1.1141310096718371e-11, 493.82696533203125, 1975.30810546875, 4444.44287109375, 7901.23388671875, 12345.6796875], [4444.4443359375, 1975.308837890625, 493.8273010253906, 1.1141310096718371e-11, 493.82696533203125, 1975.30810546875, 4444.4443359375, 7901.232421875, 12345.677734375, 17777.77734375], [1975.3094482421875, 493.82763671875, 1.2028067430946976e-10, 493.82659912109375, 1975.3074951171875, 4444.44287109375, 7901.232421875, 12345.6748046875, 17777.771484375, 24197.52734375], [493.8273010253906, 1.1141310096718371e-11, 493.82696533203125, 1975.30810546875, 4444.4443359375, 7901.23388671875, 12345.677734375, 17777.771484375, 24197.52734375, 31604.935546875], [1.8417267710901797e-11, 493.8273010253906, 1975.308837890625, 4444.4453125, 7901.2353515625, 12345.6796875, 17777.77734375, 24197.52734375, 31604.935546875, 40000.0]], "x": [-96.04863739013672, -73.826416015625, -51.60419464111328, -29.381973266601562, -7.159751892089844, 15.062469482421875, 37.284690856933594, 59.50690460205078, 81.72913360595703, 103.95136260986328], "y": [-98.27288055419922, -76.0506591796875, -53.82843780517578, -31.606216430664062, -9.383995056152344, 12.838226318359375, 35.060447692871094, 57.28266143798828, 79.50489044189453, 101.72711944580078], "w": [[2.3380672931671143, 0.72877037525177], [0.8390063643455505, 0.681224524974823], [4.150993824005127, 4.7987494468688965], [-0.26847192645072937, -0.8799102902412415], [0.2968175709247589, 1.2967052459716797], [2.419771909713745, 4.886774063110352], [2.374114751815796, 4.498306751251221], [1.5400938987731934, 3.231067180633545], [2.709930181503296, 3.392439603805542], [2.2991840839385986, 2.9108405113220215], [2.865758180618286, 2.475585460662842], [2.957012891769409, 2.8961715698242188], [1.5261402130126953, 1.5526204109191895], [5.220296382904053, 0.19403870403766632], [9.454255104064941, 0.14496766030788422], [4.029679298400879, 0.1948164850473404], [9.808441162109375, -1.10621976852417], [-1.3077856302261353, 1.672010898590088], [7.278500080108643, -6.968143939971924], [5.664729595184326, -5.2046051025390625], [5.161003589630127, -3.645402669906616], [4.478905200958252, -3.4282705783843994], [4.041801929473877, -3.100022554397583], [-5.788991451263428, 2.6967642307281494], [-1.9650267362594604, 0.3564613461494446], [0.6292505264282227, -0.15690022706985474], [-2.139172077178955, 0.5240259170532227], [-2.2382102012634277, 0.5658169388771057], [-3.440854072570801, 1.049159288406372], [6.447546482086182, -2.866316795349121], [-15.951229095458984, 13.252912521362305], [-14.703166961669922, 14.974292755126953], [-3.179105520248413, 19.06284523010254], [-2.1786611080169678, -4.428425312042236], [16.47976303100586, 20.627635955810547], [-0.5104450583457947, 1.0614303350448608], [6.248921871185303, -12.851336479187012], [-11.493863105773926, 14.543413162231445], [-5.576229572296143, 10.329124450683594], [32.02680587768555, -61.227108001708984], [10.320412635803223, -33.167415618896484], [-32.957576751708984, 22.630985260009766], [-37.22046661376953, 21.049747467041016], [60.611053466796875, -62.428340911865234], [63.06053161621094, -71.9321517944336], [58.22615051269531, -15.75731086730957], [28.1983585357666, -9.263238906860352], [-76.22643280029297, 127.41646575927734], [-5.880302906036377, -14.462346076965332], [-64.96062469482422, -160.74803161621094], [3.655996561050415, -137.00421142578125], [547.57470703125, 319.04302978515625], [250.11370849609375, -27.215469360351562], [412.6259460449219, 6.593990325927734], [-12.082237243652344, -8.675080299377441], [-0.8627990484237671, -0.6222941875457764], [-0.6881532073020935, -0.4963309168815613], [7.273557186126709, 5.245974063873291], [0.9853118062019348, 0.7110802531242371], [2.1188881397247314, 1.5291081666946411], [1.474118709564209, 1.0638022422790527], [2.8924930095672607, 2.087273120880127], [-1.0807106494903564, -0.7798246741294861], [0.033452633768320084, 0.02413855865597725], [4.812035083770752, 3.4722375869750977], [8.893048286437988, 6.416051387786865], [4.414911270141602, 3.1839852333068848], [2.71116304397583, 1.955118179321289], [3.4882612228393555, 2.5154876708984375], [5.293619155883789, 3.8172447681427], [5.234559059143066, 3.7746496200561523], [4.5996246337890625, 3.3168275356292725], [4.911940574645996, 3.5420444011688232], [3.621157169342041, 2.611217498779297], [6.659670829772949, 4.801784992218018], [6.571636199951172, 4.738312244415283], [5.230480670928955, 3.771301031112671], [4.340473651885986, 3.129650354385376], [4.177510738372803, 3.0121359825134277], [4.026792526245117, 2.903454303741455], [3.9177069664001465, 2.8247787952423096], [3.3986620903015137, 2.4505059719085693], [2.949496269226074, 2.1266536712646484], [2.947721242904663, 2.125373601913452], [3.0345394611358643, 2.1879663467407227], [3.746166229248047, 2.7010347843170166], [3.2948203086853027, 2.3753886222839355], [0.9235949516296387, 0.6658725142478943], [3.6435160636901855, 2.6267778873443604], [-0.641391932964325, -0.46240490674972534], [-0.4752708077430725, -0.34264442324638367], [-0.05229206010699272, -0.03769979253411293], [5.1703925132751465, 3.7275805473327637], [2.6917355060577393, 1.9410157203674316], [2.341269016265869, 1.6882497072219849], [5.916545391082764, 4.266456127166748], [4.121406555175781, 2.9705941677093506], [4.551255702972412, 3.2806153297424316], [1.288448452949524, 0.9286491870880127], [1.1480636596679688, 0.8274638652801514], [6.536048412322998, 4.710755348205566], [6.320374011993408, 4.553005218505859], [2.539414882659912, 1.8294471502304077], [4.153024196624756, 2.992091178894043], [3.0942959785461426, 2.2292468547821045], [6.438683032989502, 4.638778209686279], [4.338515758514404, 3.12566876411438], [4.590134620666504, 3.307138442993164], [3.380234956741333, 2.435527801513672], [3.4015655517578125, 2.450897216796875], [4.331432819366455, 3.120790958404541], [5.034191608428955, 3.627079725265503], [5.4750165939331055, 3.944499969482422], [-1.4932318925857544, -1.0760096311569214], [3.2151710987091064, 2.317028284072876], [0.1498010754585266, 0.10791867226362228], [0.16438893973827362, 0.11842797696590424], [8.744722366333008, 6.299801349639893], [8.752416610717773, 6.302127361297607], [4.285399436950684, 3.08756422996521], [2.0173656940460205, 1.4535363912582397], [2.1099867820739746, 1.520268440246582], [2.1247012615203857, 1.530870795249939], [2.43928599357605, 1.7575362920761108], [2.9086897373199463, 2.0957558155059814], [3.00748872756958, 2.1668930053710938], [2.277047872543335, 1.640610933303833], [8.619532585144043, 6.210250377655029], [9.143796920776367, 6.587669372558594], [8.587910652160645, 6.188069820404053], [2.093640089035034, 1.5087816715240479], [12.752392768859863, 9.190648078918457], [1.3988475799560547, 1.0086660385131836], [-4.6170878410339355, -3.329355478286743], [34.64296340942383, 24.970279693603516], [18.34969711303711, 13.223633766174316], [-10.380159378051758, -7.449631690979004], [-11.672416687011719, -8.376677513122559], [9.669661521911621, 6.937631607055664], [-43.22407150268555, -31.109840393066406], [47.75422668457031, 33.940067291259766], [32.18678283691406, 22.22003173828125], [11.751194953918457, 8.060776710510254], [28.00031852722168, 19.22368621826172], [27.79201316833496, 19.08065414428711], [-29.018007278442383, -19.730648040771484], [-35.9497184753418, -24.423261642456055], [25.578062057495117, 17.41459846496582], [-38.913509368896484, -26.519550323486328], [3.6513044834136963, 2.4657154083251953], [-20.996973037719727, -14.181477546691895], [0.648162841796875, 0.43846291303634644], [-25.384126663208008, -17.171377182006836], [-25.353267669677734, -17.18161392211914], [-6.167133808135986, -4.1624579429626465], [-2.956273078918457, -1.995855450630188], [2.7711827754974365, 1.8708076477050781], [-0.886825680732727, -0.5987384915351868], [-0.9127330780029297, -0.6162289381027222], [2.431394100189209, 1.6415706872940063], [0.9411953687667847, 0.6354729533195496], [2.5519368648529053, 1.723031759262085], [2.4295754432678223, 1.640415906906128], [2.4841809272766113, 1.6772987842559814], [3.285763740539551, 2.2185330390930176], [3.5550475120544434, 2.4003636837005615], [3.735316038131714, 2.52207350730896], [3.6104893684387207, 2.437786817550659], [2.2798995971679688, 1.539321780204773], [5.390812397003174, 3.639587879180908], [5.658602237701416, 3.820722818374634], [4.588627338409424, 3.098501682281494], [-1.0593149662017822, -0.7153370976448059], [0.4552415609359741, 0.30740588903427124], [7.750234127044678, 5.2333879470825195], [-5.210383415222168, -3.518193006515503], [0.07726847380399704, 0.052177853882312775], [1.1183741092681885, 0.7552168965339661], [3.8934218883514404, 2.629143476486206], [0.8022707104682922, 0.5417479276657104], [3.677842617034912, 2.4835731983184814], [2.5584044456481934, 1.7276352643966675], [2.572021007537842, 1.7368308305740356], [3.725764274597168, 2.515967607498169], [3.6840007305145264, 2.4877257347106934], [3.6560213565826416, 2.468829393386841], [3.699692964553833, 2.49830961227417], [4.171175956726074, 2.816478729248047], [3.5877633094787598, 2.422553539276123], [-0.5790556073188782, -0.3909590542316437], [1.8749456405639648, 1.265880823135376], [1.368836760520935, 0.9241796731948853], [11.742865562438965, 7.927776336669922], [5.5401105880737305, 3.7388463020324707], [7.4590678215026855, 5.034004211425781], [3.477525234222412, 2.346195697784424], [-3.8084604740142822, -2.5695111751556396], [-2.8837430477142334, -1.9455604553222656], [0.9255583882331848, 0.6243402361869812], [1.9852064847946167, 1.3391495943069458]]}